$ 3 0.000005 14.235633750745258 56 7 50
a 288 312 384 312 9 5 0 1000000 2.066264183328799 1.6666666666666665 100000
a 288 192 384 192 9 5 0 1000000 3.333333333333333 2.066264183328799 100000
r 240 112 240 160 0 5000
r 240 248 240 296 0 5000
r 240 360 240 408 0 5000
R 240 -8 240 -48 0 0 40 5 0 0 0.5
R 88 -24 88 -56 0 0 40 5 0 0 0.5
r 88 -8 88 56 0 1000
r 88 144 88 208 0 10000
c 88 328 88 432 0 0.000001 2.066264183328799
g 88 456 88 472 0
r 536 88 616 88 0 10000
153 488 304 568 304 1 2 5 5
153 488 200 568 200 1 2 0 5
O 744 200 824 200 0
t 504 88 472 88 0 1 0.5703344740854314 0.6413960715770202 100
g 240 456 240 480 0
x 162 60 231 63 4 16 discharge
x 163 318 208 321 4 16 trigger
x 160 164 225 167 4 16 threshold
x 287 -1 335 2 4 16 control
w 88 328 288 328 0
w 240 296 240 360 0
w 240 296 288 296 0
w 288 208 240 208 0
w 240 208 240 248 0
w 288 176 152 176 0
w 152 176 152 248 0
w 88 208 88 248 0
w 152 248 88 248 0
w 88 248 88 328 0
w 240 160 240 208 0
w 88 -24 88 -8 0
w 88 56 88 72 0
w 88 72 376 72 0
w 88 72 88 144 0
w 240 -8 240 112 0
g 472 120 472 152 0
w 376 72 472 72 0
w 472 104 472 120 0
w 504 88 536 88 0
w 488 296 488 280 0
w 568 304 568 280 0
w 488 232 568 280 0
w 568 232 488 280 0
w 488 208 488 232 0
w 568 200 568 232 0
w 488 192 384 192 0
w 488 312 384 312 0
w 240 408 240 456 0
w 88 432 88 456 0
w 568 200 696 200 0
w 616 88 616 304 0
w 568 304 616 304 0
b 592 168 466 349 0
b 672 16 134 441 0
162 720 224 720 304 2 default-led 1 0 0 0.01
r 720 304 720 368 0 330
g 720 368 720 408 0
w 696 200 720 200 0
w 720 200 720 224 0
w 720 200 744 200 0
o 9 32 0 4099 5 0.000390625 0 2 9 3
o 14 32 0 4106 5 0.00009765625 1 1
