$ 3 0.000005 14.235633750745258 56 7 50
R -1896 -216 -1896 -256 0 0 40 5 0 0 0.5
R -2032 -224 -2032 -256 0 0 40 5 0 0 0.5
r -2032 -224 -2032 -160 0 1000
r -2032 -136 -2032 -72 0 10000
c -2032 -16 -2032 88 0 0.000001 2.1535378242723433
g -2032 88 -2032 104 0
O -1768 -104 -1688 -104 1
x -2024 -149 -1955 -146 4 16 discharge
x -2015 -80 -1970 -77 4 16 trigger
x -2024 -47 -1959 -44 4 16 threshold
162 -1800 -88 -1800 -8 2 default-led 1 0 0 0.01
r -1800 -8 -1800 56 0 330
g -1800 56 -1800 96 0
165 -1960 -168 -1888 -168 2 0
w -2032 -136 -1960 -136 0
w -2032 -160 -2032 -136 0
w -2032 -72 -1960 -72 0
w -1960 -40 -2032 -40 0
w -2032 -40 -2032 -16 0
w -2032 -72 -2032 -40 0
w -1896 -216 -1896 -200 0
w -1800 -88 -1800 -104 0
w -1800 -104 -1768 -104 0
w -1800 -104 -1832 -104 0
w -1832 -136 -1816 -136 0
w -1816 -136 -1816 -216 0
w -1816 -216 -1896 -216 0
165 -1408 -168 -1304 -168 2 0
r -1488 -144 -1488 -88 0 100
r -1448 -200 -1448 -144 0 1000
c -1544 -72 -1488 -72 0 0.000001 -1.9246826354901714e-12
c -1448 -24 -1448 32 0 0.000009999999999999999 0.04950495049504958
R -1488 -224 -1488 -248 0 0 40 5 0 0 0.5
w -1488 -224 -1488 -200 0
w -1488 -200 -1488 -144 0
w -1488 -88 -1488 -72 0
w -1488 -200 -1608 -200 0
w -1608 -72 -1584 -72 0
w -1488 -72 -1408 -72 0
w -1488 -200 -1448 -200 0
w -1448 -200 -1344 -200 0
w -1344 -200 -1256 -200 0
w -1264 -136 -1280 -136 0
w -1448 -144 -1448 -136 0
w -1448 -136 -1408 -136 0
w -1448 -136 -1448 -40 0
w -1448 -40 -1408 -40 0
w -1448 -40 -1448 -24 0
w -1264 -136 -1240 -136 0
w -1240 -136 -1240 -200 0
w -1240 -200 -1256 -200 0
r -1232 -16 -1232 32 0 1000
g -1232 32 -1232 64 0
162 -1232 -88 -1232 -16 2 default-led 1 0 0 0.01
w -1232 -88 -1232 -104 0
w -1232 -104 -1280 -104 0
g -1448 32 -1448 80 0
s -1608 -32 -1608 24 0 1 true
r -1608 -200 -1608 -144 0 10000
w -1608 -144 -1608 -72 0
w -1608 -72 -1608 -32 0
w -1448 32 -1608 32 0
w -1608 24 -1608 32 0
w -1584 -72 -1544 -72 0
O -1232 -104 -1184 -104 1
o 4 32 0 4099 5 0.00078125 0 2 4 3
o 6 32 0 4106 5 0.00009765625 1 1
o 64 32 0 4098 0.0000762939453125 0.1 2 1
